0 0.3140625 0.9590277777777778 0.0671875 0.08194444444444444
0 0.57958984375 0.9678819444444444 0.06512451171875 0.06412760416666667
0 0.8857421875 0.6710069444444444 0.097900390625 0.2241753472222222
0 0.286865234375 0.8146701388888888 0.035552978515625 0.07552083333333333
0 0.623046875 0.77734375 0.09466552734375 0.1537543402777778
0 0.74755859375 0.4244791666666667 0.086181640625 0.15787760416666666
0 0.310302734375 0.8541666666666666 0.08135986328125 0.1083984375
0 0.303955078125 0.7109375 0.0633544921875 0.058268229166666664
0 0.8125 0.8676215277777778 0.1165771484375 0.17371961805555555
0 0.66259765625 0.5577256944444444 0.059326171875 0.17805989583333334
0 0.966796875 0.9097222222222222 0.06640625 0.16666666666666666
0 0.431396484375 0.5651041666666666 0.063720703125 0.06477864583333333
0 0.4765625 0.7486979166666666 0.06781005859375 0.1420355902777778
0 0.80615234375 0.7196180555555556 0.073974609375 0.1333550347222222
0 0.5703125 0.3969184027777778 0.08123779296875 0.1440972222222222
0 0.38134765625 0.3958333333333333 0.039794921875 0.06901041666666667
0 0.5693359375 0.6184895833333334 0.06732177734375 0.07535807291666667
0 0.40478515625 0.4752604166666667 0.05023193359375 0.12608506944444445
0 0.330078125 0.4053819444444444 0.03839111328125 0.05740017361111111
0 0.698046875 0.9333333333333333 0.06015625 0.13333333333333333
0 0.28955078125 0.4518229166666667 0.0548095703125 0.09478081597222222
0 0.486572265625 0.5520833333333334 0.0582275390625 0.07769097222222222
0 0.3251953125 0.5073784722222222 0.042572021484375 0.10899522569444445
0 0.412353515625 0.6462673611111112 0.042572021484375 0.1274956597222222
0 0.51904296875 0.7269965277777778 0.060516357421875 0.0715603298611111
0 0.271728515625 0.5247395833333334 0.024749755859375 0.1018337673611111
0 0.44970703125 0.4053819444444444 0.045440673828125 0.06380208333333333
0 0.323974609375 0.6024305555555556 0.0311431884765625 0.11968315972222222
0 0.29150390625 0.6193576388888888 0.046112060546875 0.09217664930555555
0 0.50244140625 0.6019965277777778 0.042327880859375 0.0988498263888889
0 0.298095703125 0.3645833333333333 0.046722412109375 0.07313368055555555
0 0.279541015625 0.5733506944444444 0.040924072265625 0.09977213541666667
0 0.4755859375 0.4596354166666667 0.0321044921875 0.07074652777777778
0 0.366455078125 0.5355902777777778 0.02508544921875 0.10921223958333333
0 0.357421875 0.6041666666666666 0.02630615234375 0.14127604166666666
0 0.351318359375 0.3023003472222222 0.0222015380859375 0.0827365451388889
0 0.297607421875 0.7573784722222222 0.057586669921875 0.07166883680555555
0 0.54296875 0.5390625 0.04400634765625 0.06684027777777778
0 0.284912109375 0.2890625 0.026153564453125 0.054633246527777776
0 0.482177734375 0.4055989583333333 0.0386962890625 0.06982421875