0 0.3140625 0.9590277777777778 0.0671875 0.08194444444444444
0 0.57958984375 0.9678819444444444 0.06500244140625 0.06412760416666667
0 0.88623046875 0.6705729166666666 0.09637451171875 0.2250434027777778
0 0.286865234375 0.8146701388888888 0.035491943359375 0.07552083333333333
0 0.623046875 0.7777777777777778 0.09466552734375 0.1537543402777778
0 0.74755859375 0.4251302083333333 0.08599853515625 0.1564670138888889
0 0.310302734375 0.8541666666666666 0.08123779296875 0.1083984375
0 0.303955078125 0.7105034722222222 0.0633544921875 0.058159722222222224
0 0.66259765625 0.5581597222222222 0.05975341796875 0.177734375
0 0.8125 0.8676215277777778 0.115966796875 0.17469618055555555
0 0.966796875 0.9097222222222222 0.06640625 0.16666666666666666
0 0.431396484375 0.5651041666666666 0.0635986328125 0.06461588541666667
0 0.476806640625 0.7478298611111112 0.06829833984375 0.1410590277777778
0 0.38134765625 0.3956163194444444 0.039794921875 0.06901041666666667
0 0.5703125 0.3969184027777778 0.0809326171875 0.14366319444444445
0 0.806640625 0.7170138888888888 0.07366943359375 0.13368055555555555
0 0.5693359375 0.6189236111111112 0.06719970703125 0.07552083333333333
0 0.40478515625 0.4752604166666667 0.050323486328125 0.12608506944444445
0 0.329833984375 0.4053819444444444 0.03839111328125 0.05740017361111111
0 0.698046875 0.9333333333333333 0.06015625 0.13333333333333333
0 0.289794921875 0.4518229166666667 0.0548095703125 0.0949435763888889
0 0.486572265625 0.5520833333333334 0.058349609375 0.07752821180555555
0 0.325439453125 0.5073784722222222 0.04217529296875 0.10899522569444445
0 0.412353515625 0.6462673611111112 0.042388916015625 0.12727864583333334
0 0.29150390625 0.6193576388888888 0.0460205078125 0.09217664930555555
0 0.271728515625 0.5251736111111112 0.024749755859375 0.10221354166666667
0 0.51904296875 0.7265625 0.060089111328125 0.07085503472222222
0 0.44970703125 0.4053819444444444 0.045440673828125 0.06380208333333333
0 0.323974609375 0.6024305555555556 0.03125 0.11968315972222222
0 0.50244140625 0.6019965277777778 0.042236328125 0.09852430555555555
0 0.29833984375 0.3643663194444444 0.046630859375 0.07286241319444445
0 0.4755859375 0.4596354166666667 0.0321044921875 0.07085503472222222
0 0.366455078125 0.5355902777777778 0.02508544921875 0.10899522569444445
0 0.357421875 0.6041666666666666 0.0262603759765625 0.1410590277777778
0 0.351318359375 0.3023003472222222 0.02215576171875 0.0827365451388889
0 0.279296875 0.5703125 0.04107666015625 0.10487196180555555
0 0.297607421875 0.7569444444444444 0.0574951171875 0.07177734375
0 0.54345703125 0.5390625 0.044097900390625 0.0671115451388889
0 0.284912109375 0.2890625 0.026153564453125 0.054633246527777776
0 0.482177734375 0.4055989583333333 0.03875732421875 0.06982421875