0 0.286865234375 0.8138020833333334 0.03533935546875 0.0730251736111111
0 0.304443359375 0.7096354166666666 0.06622314453125 0.061089409722222224
0 0.9664459228515625 0.9079861111111112 0.067108154296875 0.16688368055555555
0 0.31201171875 0.8485243055555556 0.0830078125 0.103515625
0 0.382080078125 0.3977864583333333 0.03912353515625 0.0712890625
0 0.31591796875 0.9582112630208334 0.06683349609375 0.08357747395833333
0 0.471923828125 0.7417534722222222 0.055816650390625 0.14463975694444445
0 0.5791015625 0.9670138888888888 0.06097412109375 0.06559244791666667
0 0.6240234375 0.7703993055555556 0.0975341796875 0.1515842013888889
0 0.88671875 0.6788194444444444 0.0982666015625 0.2094184027777778
0 0.74755859375 0.4242621527777778 0.0872802734375 0.15592447916666666
0 0.294921875 0.6610243055555556 0.05126953125 0.08930121527777778
0 0.482177734375 0.5512152777777778 0.050994873046875 0.06982421875
0 0.288330078125 0.4574652777777778 0.053009033203125 0.08734809027777778
0 0.32177734375 0.5243055555555556 0.044921875 0.10682508680555555
0 0.5185546875 0.7248263888888888 0.0704345703125 0.0675998263888889
0 0.433349609375 0.5646701388888888 0.06451416015625 0.0636935763888889
0 0.82373046875 0.875 0.135498046875 0.1587456597222222
0 0.406494140625 0.4752604166666667 0.045013427734375 0.11924913194444445
0 0.68994140625 0.9340277777777778 0.058135986328125 0.1303168402777778
0 0.626953125 0.4865451388888889 0.039703369140625 0.1716579861111111
0 0.366943359375 0.5347222222222222 0.02685546875 0.11534288194444445
0 0.328125 0.4071180555555556 0.042572021484375 0.05360243055555555
0 0.568359375 0.6163194444444444 0.06634521484375 0.07508680555555555
0 0.8056640625 0.7135416666666666 0.06829833984375 0.1303168402777778
0 0.56787109375 0.3973524305555556 0.08282470703125 0.14908854166666666
0 0.27099609375 0.5308159722222222 0.0269622802734375 0.10221354166666667
0 0.32763671875 0.6006944444444444 0.0316162109375 0.11859809027777778
0 0.409912109375 0.6371527777777778 0.0439453125 0.1252170138888889
0 0.8486328125 0.4887152777777778 0.1566162109375 0.2734375
0 0.287109375 0.5876736111111112 0.05059814453125 0.0773654513888889
0 0.66357421875 0.5551215277777778 0.057708740234375 0.1906467013888889
0 0.359130859375 0.6840277777777778 0.0279541015625 0.15592447916666666
0 0.449462890625 0.404296875 0.04443359375 0.06488715277777778
0 0.3095703125 0.4869791666666667 0.047882080078125 0.07752821180555555
0 0.5048828125 0.5998263888888888 0.03277587890625 0.11040581597222222
0 0.294189453125 0.3773871527777778 0.0321044921875 0.06776258680555555
0 0.8623046875 0.11881510416666667 0.16455078125 0.2241753472222222
0 0.28564453125 0.2877604166666667 0.0282745361328125 0.05642361111111111
0 0.312255859375 0.9053819444444444 0.0784912109375 0.09814453125
0 0.350341796875 0.3042534722222222 0.0185089111328125 0.07779947916666667