0 0.315234375 0.9583333333333334 0.06640625 0.08333333333333333
0 0.287109375 0.8133680555555556 0.0352783203125 0.07329644097222222
0 0.5791015625 0.9670138888888888 0.0616455078125 0.06477864583333333
0 0.311279296875 0.8511284722222222 0.08343505859375 0.10758463541666667
0 0.62451171875 0.7703993055555556 0.09600830078125 0.1499565972222222
0 0.3037109375 0.7100694444444444 0.06610107421875 0.06190321180555555
0 0.7470703125 0.423828125 0.08831787109375 0.1584201388888889
0 0.43310546875 0.5646701388888888 0.0635986328125 0.0632052951388889
0 0.88671875 0.6814236111111112 0.09771728515625 0.20442708333333334
0 0.47216796875 0.7447916666666666 0.05645751953125 0.1457248263888889
0 0.287109375 0.4587673611111111 0.053985595703125 0.08751085069444445
0 0.517578125 0.7261284722222222 0.06793212890625 0.06993272569444445
0 0.68994140625 0.9331597222222222 0.05889892578125 0.13096788194444445
0 0.48046875 0.5490451388888888 0.045867919921875 0.0715603298611111
0 0.40576171875 0.4765625 0.046722412109375 0.11968315972222222
0 0.80615234375 0.7109375 0.06439208984375 0.13075086805555555
0 0.8232421875 0.8736979166666666 0.1331787109375 0.15516493055555555
0 0.328857421875 0.4079861111111111 0.04193115234375 0.054741753472222224
0 0.381591796875 0.3971354166666667 0.03948974609375 0.07085503472222222
0 0.966796875 0.9090277777777778 0.06640625 0.16527777777777777
0 0.5703125 0.6167534722222222 0.06817626953125 0.07470703125
0 0.849609375 0.4891493055555556 0.1568603515625 0.2701822916666667
0 0.410400390625 0.6375868055555556 0.040679931640625 0.12272135416666667
0 0.62744140625 0.4908854166666667 0.04083251953125 0.15983072916666666
0 0.27099609375 0.5247395833333334 0.0261993408203125 0.09776475694444445
0 0.56787109375 0.3969184027777778 0.083740234375 0.14756944444444445
0 0.66455078125 0.5538194444444444 0.059326171875 0.1880425347222222
0 0.287353515625 0.5837673611111112 0.053802490234375 0.07942708333333333
0 0.32275390625 0.5177951388888888 0.041473388671875 0.11219618055555555
0 0.35791015625 0.6545138888888888 0.03204345703125 0.1279296875
0 0.36669921875 0.5329861111111112 0.02606201171875 0.11121961805555555
0 0.32666015625 0.6011284722222222 0.0278472900390625 0.11121961805555555
0 0.44873046875 0.4047309027777778 0.04327392578125 0.06401909722222222
0 0.29345703125 0.6241319444444444 0.049407958984375 0.08002387152777778
0 0.50390625 0.6019965277777778 0.036285400390625 0.1062282986111111
0 0.290771484375 0.376953125 0.02508544921875 0.07427300347222222
0 0.47705078125 0.4978298611111111 0.0261077880859375 0.058159722222222224
0 0.28515625 0.2888454861111111 0.027069091796875 0.056966145833333336
0 0.3505859375 0.3036024305555556 0.0191192626953125 0.0773654513888889
0 0.298828125 0.7560763888888888 0.060089111328125 0.0712890625
0 0.307861328125 0.2732204861111111 0.022369384765625 0.05064561631944445
0 0.354736328125 0.2599826388888889 0.03533935546875 0.054117838541666664