0 0.3140625 0.9666666666666667 0.0625 0.06666666666666667
0 0.3169921875 0.9164583333333334 0.073046875 0.06847222222222216
0 0.3143515625 0.8596944444444444 0.0740234375 0.07562500000000007
0 0.2856484375 0.8119444444444445 0.0380859375 0.05720833333333341
0 0.296484375 0.7595000000000001 0.05546875 0.054624999999999896
0 0.3629921875 0.7042777777777778 0.0337890625 0.13034722222222225
0 0.301171875 0.7108749999999999 0.06171875 0.04075000000000004
0 0.289359375 0.6676388888888889 0.0443359375 0.0404166666666667
0 0.288671875 0.631875 0.03828125 0.04779166666666662
0 0.27040625 0.5445416666666667 0.0310546875 0.09186111111111109
0 0.32890625 0.6092916666666667 0.0296875 0.0876527777777778
0 0.29921875 0.5882916666666667 0.04375 0.054374999999999965
0 0.3244140625 0.5455833333333333 0.050390625 0.06024999999999999
0 0.31396875 0.49036111111111114 0.0419921875 0.04427777777777777
0 0.283203125 0.46570833333333334 0.05859375 0.08004166666666666
0 0.7478515625 0.423 0.077734375 0.18212499999999998
0 0.65546875 0.5493888888888889 0.0921875 0.22901388888888888
0 0.6231484375 0.4889861111111111 0.0412109375 0.14741666666666664
0 0.6227578125 0.76975 0.0951171875 0.12213888888888896
0 0.682421875 0.9315972222222222 0.05234375 0.13680555555555557
0 0.4094765625 0.6414305555555555 0.0591796875 0.13981944444444439
0 0.507328125 0.610875 0.0322265625 0.12036111111111107
0 0.436421875 0.5707638888888888 0.0583984375 0.0783333333333333
0 0.4102578125 0.4792638888888889 0.0607421875 0.11406944444444443
0 0.3690390625 0.5382916666666666 0.0369140625 0.10713888888888887
0 0.33046875 0.41170833333333334 0.04375 0.0657777777777778
0 0.2911171875 0.3919166666666667 0.0490234375 0.10258333333333335
0 0.377828125 0.40702777777777777 0.0505859375 0.08070833333333335
0 0.48125 0.5396805555555555 0.05625 0.09602777777777775
0 0.5678671875 0.6145833333333334 0.06164843750000006 0.0759583333333334
0 0.581640625 0.9676250000000001 0.05920312499999998 0.06474999999999985
0 0.8545859374999999 0.49556944444444445 0.16003125 0.27170833333333333
0 0.521875 0.7169583333333334 0.0671875 0.0860138888888889
0 0.88828125 0.6589444444444444 0.0984375 0.24806944444444445
0 0.8223671875 0.87775 0.1427734375 0.1784305555555556
0 0.9640625 0.9020833333333333 0.071875 0.19583333333333333
0 0.8927734375 0.1252361111111111 0.160546875 0.22893055555555558
0 0.8061562500000001 0.7093333333333334 0.0712890625 0.14713888888888896
0 0.4685546875 0.7478888888888889 0.062109375 0.16173611111111116
0 0.565234375 0.39105555555555555 0.0859375 0.15295833333333334