0 0.88671875 0.6723090277777778 0.09808349609375 0.2197265625
0 0.74853515625 0.4242621527777778 0.0843505859375 0.15234375
0 0.8056640625 0.7113715277777778 0.0634765625 0.1238064236111111
0 0.6875 0.9296875 0.0560302734375 0.13563368055555555
0 0.56689453125 0.3980034722222222 0.08404541015625 0.1515842013888889
0 0.5796875 0.9673611111111111 0.059375 0.06527777777777778
0 0.82373046875 0.8728298611111112 0.1312255859375 0.1545138888888889
0 0.316015625 0.9576388888888889 0.06796875 0.08472222222222223
0 0.4326171875 0.5646701388888888 0.06396484375 0.06353081597222222
0 0.382080078125 0.3977864583333333 0.0391845703125 0.0712890625
0 0.286865234375 0.8133680555555556 0.03594970703125 0.0730251736111111
0 0.966015625 0.9090277777777778 0.06796875 0.16527777777777777
0 0.47119140625 0.7426215277777778 0.05340576171875 0.1433376736111111
0 0.62451171875 0.7738715277777778 0.0987548828125 0.1584201388888889
0 0.331298828125 0.6041666666666666 0.036712646484375 0.10780164930555555
0 0.406005859375 0.4765625 0.0455322265625 0.1218532986111111
0 0.3212890625 0.5247395833333334 0.051849365234375 0.1081814236111111
0 0.303955078125 0.7113715277777778 0.06634521484375 0.0627170138888889
0 0.29345703125 0.6649305555555556 0.04931640625 0.09217664930555555
0 0.285888671875 0.4592013888888889 0.0517578125 0.09369574652777778
0 0.40625 0.6397569444444444 0.0521240234375 0.1220703125
0 0.27197265625 0.5390625 0.0272674560546875 0.11121961805555555
0 0.88818359375 0.11707899305555555 0.1533203125 0.2105034722222222
0 0.3125 0.8524305555555556 0.08447265625 0.1142578125
0 0.62548828125 0.4878472222222222 0.04217529296875 0.1650390625
0 0.52099609375 0.7252604166666666 0.0634765625 0.06852213541666667
0 0.4814453125 0.5499131944444444 0.048309326171875 0.07231987847222222
0 0.33056640625 0.4077690972222222 0.036285400390625 0.054524739583333336
0 0.50439453125 0.6085069444444444 0.0273284912109375 0.12120225694444445
0 0.36083984375 0.6974826388888888 0.040313720703125 0.1372612847222222
0 0.572265625 0.6141493055555556 0.06561279296875 0.08246527777777778
0 0.2998046875 0.3958333333333333 0.043609619140625 0.0849609375
0 0.365966796875 0.5355902777777778 0.0258636474609375 0.11555989583333333
0 0.85107421875 0.4869791666666667 0.1568603515625 0.2632378472222222
0 0.4482421875 0.4034288194444444 0.04248046875 0.06635199652777778
0 0.294921875 0.5980902777777778 0.04840087890625 0.1130642361111111
0 0.286376953125 0.2892795138888889 0.02880859375 0.05995008680555555
0 0.35205078125 0.2582465277777778 0.0374755859375 0.056098090277777776
0 0.64599609375 0.5785590277777778 0.0843505859375 0.1501736111111111
0 0.5849609375 0.703125 0.032470703125 0.07622612847222222
0 0.67236328125 0.5030381944444444 0.0301055908203125 0.10704210069444445
0 0.47607421875 0.4969618055555556 0.026458740234375 0.059516059027777776