0 0.966015625 0.9090277777777778 0.06796875 0.1625
0 0.88623046875 0.6731770833333334 0.09844970703125 0.21668836805555555
0 0.31484375 0.9597222222222223 0.06875 0.08055555555555556
0 0.287109375 0.8133680555555556 0.03656005859375 0.0715603298611111
0 0.382568359375 0.3977864583333333 0.039337158203125 0.07085503472222222
0 0.405517578125 0.4774305555555556 0.044921875 0.1201171875
0 0.30517578125 0.7118055555555556 0.06658935546875 0.06309678819444445
0 0.51806640625 0.7252604166666666 0.06854248046875 0.06797960069444445
0 0.57861328125 0.9678819444444444 0.0604248046875 0.06391059027777778
0 0.313720703125 0.8519965277777778 0.0867919921875 0.1027560763888889
0 0.57177734375 0.3953993055555556 0.07989501953125 0.14756944444444445
0 0.62451171875 0.4700520833333333 0.040924072265625 0.16688368055555555
0 0.483154296875 0.5520833333333334 0.05145263671875 0.06586371527777778
0 0.405029296875 0.6436631944444444 0.05865478515625 0.1120876736111111
0 0.81787109375 0.8723958333333334 0.12213134765625 0.1570095486111111
0 0.85009765625 0.4874131944444444 0.158447265625 0.2584635416666667
0 0.4697265625 0.73046875 0.048583984375 0.16276041666666666
0 0.8056640625 0.7113715277777778 0.06500244140625 0.12250434027777778
0 0.4345703125 0.5651041666666666 0.061187744140625 0.06391059027777778
0 0.625 0.7764756944444444 0.097412109375 0.1408420138888889
0 0.74755859375 0.4255642361111111 0.08209228515625 0.14778645833333334
0 0.50244140625 0.6158854166666666 0.028106689453125 0.1362847222222222
0 0.2841796875 0.4674479166666667 0.049407958984375 0.08897569444444445
0 0.272705078125 0.5451388888888888 0.0237274169921875 0.11018880208333333
0 0.357666015625 0.7083333333333334 0.05108642578125 0.14811197916666666
0 0.365966796875 0.5381944444444444 0.0264129638671875 0.12076822916666667
0 0.336181640625 0.6037326388888888 0.045257568359375 0.12434895833333333
0 0.57763671875 0.6150173611111112 0.06744384765625 0.07769097222222222
0 0.448974609375 0.4032118055555556 0.042816162109375 0.06488715277777778
0 0.320068359375 0.5442708333333334 0.0635986328125 0.11100260416666667
0 0.30126953125 0.5993923611111112 0.0391845703125 0.10980902777777778
0 0.313232421875 0.4926215277777778 0.04779052734375 0.0759548611111111
0 0.299560546875 0.7569444444444444 0.059967041015625 0.07438151041666667
0 0.285400390625 0.2884114583333333 0.0273284912109375 0.056966145833333336
0 0.69140625 0.9201388888888888 0.061309814453125 0.1548394097222222
0 0.476318359375 0.4982638888888889 0.0264129638671875 0.0556640625
0 0.314697265625 0.9097222222222222 0.08062744140625 0.09163411458333333
0 0.6435546875 0.5837673611111112 0.0830078125 0.1286892361111111
0 0.35009765625 0.3046875 0.01812744140625 0.07779947916666667