0 0.286865234375 0.8142361111111112 0.036224365234375 0.07313368055555555
0 0.31484375 0.9597222222222223 0.06875 0.08055555555555556
0 0.966015625 0.9090277777777778 0.06796875 0.1625
0 0.88623046875 0.6692708333333334 0.09844970703125 0.2230902777777778
0 0.31298828125 0.8485243055555556 0.08526611328125 0.10389539930555555
0 0.38232421875 0.3980034722222222 0.0390625 0.0712890625
0 0.405517578125 0.4765625 0.044921875 0.11859809027777778
0 0.517578125 0.7256944444444444 0.06610107421875 0.06993272569444445
0 0.305908203125 0.7109375 0.06732177734375 0.06499565972222222
0 0.57890625 0.9673611111111111 0.0609375 0.06527777777777778
0 0.806640625 0.7126736111111112 0.0638427734375 0.12662760416666666
0 0.405029296875 0.6432291666666666 0.05865478515625 0.10980902777777778
0 0.5712890625 0.3958333333333333 0.08062744140625 0.14778645833333334
0 0.6240234375 0.4696180555555556 0.040771484375 0.16536458333333334
0 0.360595703125 0.7009548611111112 0.04400634765625 0.13856336805555555
0 0.4814453125 0.5520833333333334 0.049041748046875 0.06559244791666667
0 0.82080078125 0.8702256944444444 0.1259765625 0.15516493055555555
0 0.62451171875 0.7764756944444444 0.09967041015625 0.1499565972222222
0 0.4345703125 0.5651041666666666 0.06109619140625 0.06401909722222222
0 0.469970703125 0.7317708333333334 0.0496826171875 0.1618923611111111
0 0.365966796875 0.5377604166666666 0.0261077880859375 0.1162109375
0 0.50244140625 0.6180555555555556 0.026763916015625 0.13216145833333334
0 0.7490234375 0.4249131944444444 0.083740234375 0.1521267361111111
0 0.334716796875 0.5998263888888888 0.0394287109375 0.1218532986111111
0 0.284423828125 0.4678819444444444 0.049774169921875 0.08978949652777778
0 0.8505859375 0.48828125 0.1568603515625 0.2632378472222222
0 0.273193359375 0.54296875 0.0257568359375 0.10682508680555555
0 0.576171875 0.6154513888888888 0.06573486328125 0.0798611111111111
0 0.6923828125 0.9210069444444444 0.06439208984375 0.15071614583333334
0 0.319091796875 0.53125 0.05889892578125 0.1012912326388889
0 0.448974609375 0.4034288194444444 0.042816162109375 0.06499565972222222
0 0.285400390625 0.2881944444444444 0.0271759033203125 0.05740017361111111
0 0.499755859375 0.4670138888888889 0.051177978515625 0.08539496527777778
0 0.299560546875 0.7556423611111112 0.060211181640625 0.07454427083333333
0 0.35009765625 0.3040364583333333 0.018096923828125 0.07769097222222222
0 0.313720703125 0.4865451388888889 0.047088623046875 0.083984375
0 0.291748046875 0.6705729166666666 0.044677734375 0.0823025173611111
0 0.295166015625 0.6046006944444444 0.048858642578125 0.13509114583333334
0 0.64501953125 0.578125 0.08270263671875 0.13878038194444445
0 0.484375 0.4032118055555556 0.04193115234375 0.0695529513888889
0 0.476318359375 0.4952256944444444 0.0300445556640625 0.0675998263888889