0 0.286865234375 0.8133680555555556 0.03607177734375 0.0715603298611111
0 0.88623046875 0.6697048611111112 0.0994873046875 0.22395833333333334
0 0.316015625 0.9583333333333334 0.06796875 0.08333333333333333
0 0.382080078125 0.3973524305555556 0.04010009765625 0.0730251736111111
0 0.58046875 0.9680555555555556 0.065625 0.06388888888888888
0 0.96640625 0.9097222222222222 0.0671875 0.1638888888888889
0 0.3056640625 0.7100694444444444 0.06695556640625 0.061089409722222224
0 0.29150390625 0.6727430555555556 0.04443359375 0.083984375
0 0.82275390625 0.87109375 0.1307373046875 0.1596137152777778
0 0.568359375 0.3956163194444444 0.0809326171875 0.13834635416666666
0 0.482177734375 0.5503472222222222 0.0504150390625 0.0625
0 0.407470703125 0.4778645833333333 0.04193115234375 0.11241319444444445
0 0.31298828125 0.8524305555555556 0.08599853515625 0.1044921875
0 0.7490234375 0.4214409722222222 0.08416748046875 0.158203125
0 0.435302734375 0.5646701388888888 0.05865478515625 0.06353081597222222
0 0.2841796875 0.4735243055555556 0.0460205078125 0.0959743923611111
0 0.623046875 0.4600694444444444 0.03839111328125 0.1818576388888889
0 0.51708984375 0.7243923611111112 0.0634765625 0.06890190972222222
0 0.355712890625 0.70703125 0.050140380859375 0.15125868055555555
0 0.32177734375 0.4129774305555556 0.05108642578125 0.0730251736111111
0 0.312744140625 0.5464409722222222 0.048583984375 0.0959743923611111
0 0.34033203125 0.5941840277777778 0.05145263671875 0.10704210069444445
0 0.39892578125 0.6440972222222222 0.072265625 0.09065755208333333
0 0.470458984375 0.7243923611111112 0.04986572265625 0.1462673611111111
0 0.69287109375 0.9201388888888888 0.06671142578125 0.15907118055555555
0 0.365966796875 0.5329861111111112 0.027008056640625 0.11263020833333333
0 0.853515625 0.49609375 0.1650390625 0.2654079861111111
0 0.5732421875 0.6158854166666666 0.06768798828125 0.0759548611111111
0 0.448486328125 0.4032118055555556 0.04296875 0.06179470486111111
0 0.28759765625 0.6263020833333334 0.037200927734375 0.08213975694444445
0 0.3154296875 0.4908854166666667 0.044342041015625 0.09320746527777778
0 0.50146484375 0.6102430555555556 0.028656005859375 0.14051649305555555
0 0.306884765625 0.6141493055555556 0.03955078125 0.1277126736111111
0 0.4775390625 0.4631076388888889 0.03021240234375 0.06331380208333333
0 0.299072265625 0.7573784722222222 0.059967041015625 0.07535807291666667
0 0.350341796875 0.3040364583333333 0.01861572265625 0.078125
0 0.476806640625 0.5 0.025177001953125 0.05433485243055555
0 0.2724609375 0.5490451388888888 0.02215576171875 0.11241319444444445
0 0.285888671875 0.2881944444444444 0.0284881591796875 0.05772569444444445