0 0.315234375 0.9583333333333334 0.06796875 0.08333333333333333
0 0.28662109375 0.8138020833333334 0.035736083984375 0.07177734375
0 0.58046875 0.9673611111111111 0.065625 0.06527777777777778
0 0.966015625 0.9090277777777778 0.06796875 0.1625
0 0.88623046875 0.6710069444444444 0.09930419921875 0.22265625
0 0.482421875 0.5503472222222222 0.0509033203125 0.06401909722222222
0 0.3056640625 0.7100694444444444 0.06878662109375 0.06190321180555555
0 0.8193359375 0.8719618055555556 0.125732421875 0.1576605902777778
0 0.433349609375 0.5633680555555556 0.06292724609375 0.06293402777777778
0 0.407470703125 0.4782986111111111 0.04248046875 0.11284722222222222
0 0.74609375 0.4216579861111111 0.0863037109375 0.1518012152777778
0 0.382080078125 0.3971354166666667 0.03955078125 0.07356770833333333
0 0.568359375 0.3953993055555556 0.07763671875 0.14539930555555555
0 0.290771484375 0.6714409722222222 0.044525146484375 0.08555772569444445
0 0.2841796875 0.4722222222222222 0.046539306640625 0.09456380208333333
0 0.51806640625 0.7248263888888888 0.06585693359375 0.06966145833333333
0 0.31689453125 0.8958333333333334 0.08123779296875 0.1312934027777778
0 0.469970703125 0.7278645833333334 0.049591064453125 0.1521267361111111
0 0.356201171875 0.7074652777777778 0.051666259765625 0.1467013888888889
0 0.3974609375 0.6427951388888888 0.07171630859375 0.09065755208333333
0 0.85302734375 0.4934895833333333 0.165283203125 0.2701822916666667
0 0.3408203125 0.5928819444444444 0.048126220703125 0.11143663194444445
0 0.321044921875 0.4108072916666667 0.052825927734375 0.07552083333333333
0 0.476806640625 0.4986979166666667 0.02685546875 0.0576171875
0 0.314453125 0.4934895833333333 0.043365478515625 0.08539496527777778
0 0.69287109375 0.9175347222222222 0.06622314453125 0.16243489583333334
0 0.3125 0.5447048611111112 0.044921875 0.09944661458333333
0 0.62353515625 0.4613715277777778 0.037750244140625 0.17838541666666666
0 0.501953125 0.6106770833333334 0.0272216796875 0.1343315972222222
0 0.365966796875 0.5334201388888888 0.027008056640625 0.1134982638888889
0 0.448974609375 0.4034288194444444 0.04327392578125 0.06380208333333333
0 0.62353515625 0.7582465277777778 0.09552001953125 0.11040581597222222
0 0.287841796875 0.6245659722222222 0.038330078125 0.0837131076388889
0 0.272705078125 0.5477430555555556 0.0223236083984375 0.11121961805555555
0 0.309326171875 0.6115451388888888 0.045257568359375 0.1286892361111111
0 0.5732421875 0.61328125 0.07208251953125 0.08170572916666667
0 0.29931640625 0.7565104166666666 0.060638427734375 0.0763888888888889
0 0.285888671875 0.2884114583333333 0.0282745361328125 0.05740017361111111
0 0.35009765625 0.3038194444444444 0.01763916015625 0.07975260416666667
0 0.478515625 0.4678819444444444 0.033538818359375 0.06776258680555555
0 0.65966796875 0.4678819444444444 0.03662109375 0.09526909722222222