0 0.286865234375 0.8129340277777778 0.03582763671875 0.0705837673611111
0 0.966015625 0.9090277777777778 0.06796875 0.16527777777777777
0 0.31484375 0.9604166666666667 0.06875 0.07916666666666666
0 0.38232421875 0.3973524305555556 0.0391845703125 0.07085503472222222
0 0.8857421875 0.6736111111111112 0.09930419921875 0.2185329861111111
0 0.578125 0.9673611111111111 0.0625 0.06527777777777778
0 0.405517578125 0.4752604166666667 0.045867919921875 0.11686197916666667
0 0.313232421875 0.8506944444444444 0.08660888671875 0.10221354166666667
0 0.305908203125 0.7100694444444444 0.06829833984375 0.0625
0 0.853515625 0.4908854166666667 0.1568603515625 0.2671440972222222
0 0.81982421875 0.8723958333333334 0.12744140625 0.1548394097222222
0 0.433349609375 0.5646701388888888 0.063720703125 0.06391059027777778
0 0.46826171875 0.7309027777777778 0.047088623046875 0.1633029513888889
0 0.403564453125 0.6423611111111112 0.059661865234375 0.11002604166666667
0 0.5693359375 0.3953993055555556 0.0784912109375 0.1467013888888889
0 0.48193359375 0.55078125 0.048492431640625 0.06222873263888889
0 0.283447265625 0.4709201388888889 0.0504150390625 0.0886501736111111
0 0.51806640625 0.7248263888888888 0.06561279296875 0.06673177083333333
0 0.74951171875 0.4236111111111111 0.0836181640625 0.15104166666666666
0 0.476318359375 0.4956597222222222 0.026153564453125 0.058159722222222224
0 0.290771484375 0.6727430555555556 0.04327392578125 0.08002387152777778
0 0.313720703125 0.4939236111111111 0.043121337890625 0.07666015625
0 0.35546875 0.7074652777777778 0.05340576171875 0.1470269097222222
0 0.50244140625 0.6141493055555556 0.0271148681640625 0.1362847222222222
0 0.31982421875 0.5438368055555556 0.05792236328125 0.10069444444444445
0 0.6875 0.9184027777777778 0.05499267578125 0.1548394097222222
0 0.333984375 0.6015625 0.0604248046875 0.11393229166666667
0 0.365966796875 0.5364583333333334 0.0264129638671875 0.11241319444444445
0 0.272705078125 0.5473090277777778 0.02447509765625 0.10606553819444445
0 0.6240234375 0.7825520833333334 0.09686279296875 0.14366319444444445
0 0.62255859375 0.4683159722222222 0.038604736328125 0.1701388888888889
0 0.44921875 0.4032118055555556 0.04351806640625 0.06499565972222222
0 0.28857421875 0.6236979166666666 0.03802490234375 0.08734809027777778
0 0.31982421875 0.4071180555555556 0.0582275390625 0.07383897569444445
0 0.285888671875 0.2884114583333333 0.0282745361328125 0.057074652777777776
0 0.299072265625 0.7565104166666666 0.05987548828125 0.07373046875
0 0.57421875 0.6158854166666666 0.06292724609375 0.0769314236111111