0 0.382080078125 0.3971354166666667 0.0401611328125 0.07313368055555555
0 0.286865234375 0.8138020833333334 0.03594970703125 0.07194010416666667
0 0.305908203125 0.7109375 0.06646728515625 0.06222873263888889
0 0.88623046875 0.6675347222222222 0.09930419921875 0.2269965277777778
0 0.966015625 0.9090277777777778 0.06796875 0.16527777777777777
0 0.316796875 0.9590277777777778 0.06953125 0.08194444444444444
0 0.58125 0.9680555555555556 0.0671875 0.06388888888888888
0 0.292724609375 0.66796875 0.047332763671875 0.09407552083333333
0 0.568359375 0.3982204861111111 0.0810546875 0.13313802083333334
0 0.74755859375 0.4255642361111111 0.08154296875 0.15321180555555555
0 0.82373046875 0.87109375 0.1318359375 0.1613498263888889
0 0.31298828125 0.8519965277777778 0.08648681640625 0.10563151041666667
0 0.433349609375 0.5646701388888888 0.060516357421875 0.06429036458333333
0 0.40673828125 0.4791666666666667 0.04400634765625 0.11903211805555555
0 0.62255859375 0.4600694444444444 0.037200927734375 0.1838107638888889
0 0.85498046875 0.4969618055555556 0.16455078125 0.2649739583333333
0 0.51611328125 0.7243923611111112 0.06756591796875 0.06879340277777778
0 0.28515625 0.4735243055555556 0.04486083984375 0.0988498263888889
0 0.32177734375 0.4151475694444444 0.050140380859375 0.07329644097222222
0 0.355224609375 0.7078993055555556 0.050811767578125 0.15234375
0 0.365966796875 0.5321180555555556 0.02691650390625 0.1181640625
0 0.3974609375 0.6423611111111112 0.07354736328125 0.09130859375
0 0.338623046875 0.58984375 0.05194091796875 0.1052517361111111
0 0.47998046875 0.5494791666666666 0.045867919921875 0.061197916666666664
0 0.57421875 0.6158854166666666 0.06243896484375 0.07682291666666667
0 0.44921875 0.4025607638888889 0.04510498046875 0.06510416666666667
0 0.31201171875 0.5473090277777778 0.04949951171875 0.09456380208333333
0 0.69287109375 0.9166666666666666 0.06658935546875 0.1636284722222222
0 0.30712890625 0.6137152777777778 0.042327880859375 0.12337239583333333
0 0.28857421875 0.62109375 0.0391845703125 0.09016927083333333
0 0.468505859375 0.7252604166666666 0.046722412109375 0.14778645833333334
0 0.499267578125 0.6085069444444444 0.032958984375 0.1423611111111111
0 0.315673828125 0.4913194444444444 0.04559326171875 0.09510633680555555
0 0.299072265625 0.7573784722222222 0.05987548828125 0.07568359375
0 0.497802734375 0.4661458333333333 0.058441162109375 0.0636935763888889
0 0.2724609375 0.5533854166666666 0.021820068359375 0.11284722222222222
0 0.350341796875 0.3049045138888889 0.018646240234375 0.0788302951388889
0 0.64306640625 0.58203125 0.086181640625 0.13563368055555555
0 0.50048828125 0.5086805555555556 0.0640869140625 0.07286241319444445
0 0.623046875 0.7625868055555556 0.089599609375 0.09798177083333333