0 0.318359375 0.9590277777777778 0.06953125 0.08194444444444444
0 0.28662109375 0.8133680555555556 0.035675048828125 0.0710177951388889
0 0.3056640625 0.7100694444444444 0.06671142578125 0.06429036458333333
0 0.58203125 0.9678819444444444 0.06646728515625 0.06401909722222222
0 0.3125 0.8506944444444444 0.08526611328125 0.10297309027777778
0 0.88623046875 0.6644965277777778 0.09857177734375 0.23328993055555555
0 0.82080078125 0.8697916666666666 0.1285400390625 0.16417100694444445
0 0.382080078125 0.3977864583333333 0.040008544921875 0.07221137152777778
0 0.7470703125 0.4242621527777778 0.0809326171875 0.15125868055555555
0 0.483642578125 0.5520833333333334 0.050811767578125 0.061089409722222224
0 0.515625 0.7243923611111112 0.06732177734375 0.06852213541666667
0 0.406982421875 0.4796006944444444 0.0439453125 0.1159939236111111
0 0.96640625 0.9083333333333333 0.0671875 0.16666666666666666
0 0.35595703125 0.7044270833333334 0.043121337890625 0.15342881944444445
0 0.2841796875 0.4765625 0.044921875 0.10145399305555555
0 0.8544921875 0.4991319444444444 0.1680908203125 0.2667100694444444
0 0.439697265625 0.5633680555555556 0.05877685546875 0.0636935763888889
0 0.300537109375 0.7560763888888888 0.061431884765625 0.07524956597222222
0 0.322998046875 0.4144965277777778 0.048492431640625 0.07166883680555555
0 0.623046875 0.4574652777777778 0.037689208984375 0.18641493055555555
0 0.4677734375 0.7239583333333334 0.04595947265625 0.14463975694444445
0 0.44873046875 0.4016927083333333 0.044342041015625 0.06293402777777778
0 0.30810546875 0.5659722222222222 0.04443359375 0.09147135416666667
0 0.28857421875 0.6236979166666666 0.040008544921875 0.08734809027777778
0 0.398681640625 0.6336805555555556 0.07421875 0.0827365451388889
0 0.5693359375 0.4038628472222222 0.07977294921875 0.12098524305555555
0 0.6904296875 0.9149305555555556 0.06695556640625 0.1662326388888889
0 0.313720703125 0.4956597222222222 0.0413818359375 0.09130859375
0 0.5849609375 0.6167534722222222 0.0521240234375 0.07427300347222222
0 0.343505859375 0.5980902777777778 0.059967041015625 0.0968967013888889
0 0.365478515625 0.5329861111111112 0.029083251953125 0.11263020833333333
0 0.481201171875 0.4735243055555556 0.039794921875 0.08653428819444445
0 0.499755859375 0.6154513888888888 0.03302001953125 0.1362847222222222
0 0.35009765625 0.3053385416666667 0.0189361572265625 0.07855902777777778
0 0.309326171875 0.6328125 0.03594970703125 0.1159939236111111
0 0.483642578125 0.4049479166666667 0.040618896484375 0.0666232638888889
0 0.272216796875 0.5611979166666666 0.021697998046875 0.09776475694444445
0 0.5078125 0.4661458333333333 0.04510498046875 0.0783962673611111
0 0.64501953125 0.5846354166666666 0.093017578125 0.1247829861111111
0 0.422119140625 0.3602430555555556 0.027069091796875 0.07725694444444445