0 0.318359375 0.9583333333333334 0.06953125 0.08333333333333333
0 0.28662109375 0.8138020833333334 0.03594970703125 0.0720486111111111
0 0.966015625 0.9083333333333333 0.06796875 0.16666666666666666
0 0.305908203125 0.7096354166666666 0.06719970703125 0.06586371527777778
0 0.58203125 0.9678819444444444 0.06622314453125 0.06401909722222222
0 0.312744140625 0.8511284722222222 0.086181640625 0.10546875
0 0.382080078125 0.3977864583333333 0.039947509765625 0.0720486111111111
0 0.8232421875 0.8715277777777778 0.131591796875 0.1633029513888889
0 0.7470703125 0.4244791666666667 0.08135986328125 0.15234375
0 0.4072265625 0.4800347222222222 0.044342041015625 0.11729600694444445
0 0.515625 0.7243923611111112 0.06744384765625 0.06890190972222222
0 0.481689453125 0.55078125 0.04931640625 0.06076388888888889
0 0.88330078125 0.6588541666666666 0.09722900390625 0.2348090277777778
0 0.28466796875 0.4765625 0.045257568359375 0.10297309027777778
0 0.356201171875 0.7074652777777778 0.04400634765625 0.1449652777777778
0 0.62353515625 0.4587673611111111 0.039276123046875 0.1828342013888889
0 0.85400390625 0.4969618055555556 0.16748046875 0.2671440972222222
0 0.56884765625 0.4025607638888889 0.0784912109375 0.125
0 0.439697265625 0.5638020833333334 0.05780029296875 0.06488715277777778
0 0.343994140625 0.5963541666666666 0.05780029296875 0.0949435763888889
0 0.322265625 0.4155815972222222 0.049774169921875 0.0724826388888889
0 0.44873046875 0.40234375 0.044921875 0.06331380208333333
0 0.2998046875 0.7556423611111112 0.060516357421875 0.0769314236111111
0 0.69189453125 0.9149305555555556 0.06866455078125 0.1689453125
0 0.469482421875 0.7222222222222222 0.048492431640625 0.1400824652777778
0 0.294921875 0.65625 0.0489501953125 0.11121961805555555
0 0.30810546875 0.5668402777777778 0.04327392578125 0.08653428819444445
0 0.314208984375 0.4947916666666667 0.040771484375 0.0954861111111111
0 0.36572265625 0.5303819444444444 0.0282135009765625 0.11121961805555555
0 0.350341796875 0.3055555555555556 0.0188751220703125 0.0788302951388889
0 0.272216796875 0.55859375 0.02203369140625 0.10297309027777778
0 0.5830078125 0.6154513888888888 0.051361083984375 0.07383897569444445
0 0.5029296875 0.4743923611111111 0.044921875 0.07438151041666667
0 0.484375 0.4040798611111111 0.040252685546875 0.0686306423611111
0 0.646484375 0.5855034722222222 0.089599609375 0.1286892361111111