0 0.579296875 0.9666666666666667 0.06015625 0.06666666666666667
0 0.286865234375 0.8107638888888888 0.035552978515625 0.06586371527777778
0 0.306396484375 0.7109375 0.06756591796875 0.05881076388888889
0 0.965625 0.9090277777777778 0.06875 0.1625
0 0.8857421875 0.6710069444444444 0.09967041015625 0.21744791666666666
0 0.81201171875 0.8689236111111112 0.11065673828125 0.16688368055555555
0 0.51123046875 0.7265625 0.07366943359375 0.07313368055555555
0 0.40771484375 0.4787326388888889 0.042388916015625 0.11534288194444445
0 0.351318359375 0.7365451388888888 0.0489501953125 0.15733506944444445
0 0.318115234375 0.9644097222222222 0.07965087890625 0.0705837673611111
0 0.484130859375 0.5516493055555556 0.050994873046875 0.06499565972222222
0 0.285400390625 0.4735243055555556 0.043121337890625 0.09977213541666667
0 0.31689453125 0.8880208333333334 0.0794677734375 0.1300998263888889
0 0.381591796875 0.3947482638888889 0.039276123046875 0.07779947916666667
0 0.29150390625 0.6701388888888888 0.045867919921875 0.08539496527777778
0 0.74755859375 0.4286024305555556 0.08251953125 0.1472439236111111
0 0.272705078125 0.5633680555555556 0.0243377685546875 0.11968315972222222
0 0.310546875 0.5065104166666666 0.035064697265625 0.0827365451388889
0 0.45263671875 0.6974826388888888 0.034820556640625 0.1420355902777778
0 0.85498046875 0.4986979166666667 0.164794921875 0.2641059027777778
0 0.288818359375 0.6189236111111112 0.040252685546875 0.09581163194444445
0 0.34423828125 0.6002604166666666 0.06109619140625 0.09998914930555555
0 0.495361328125 0.62109375 0.044586181640625 0.11328125
0 0.435546875 0.5690104166666666 0.052520751953125 0.0788302951388889
0 0.4013671875 0.63671875 0.0701904296875 0.1238064236111111
0 0.580078125 0.6176215277777778 0.05126953125 0.07855902777777778
0 0.449951171875 0.4025607638888889 0.042816162109375 0.06597222222222222
0 0.321044921875 0.412109375 0.051177978515625 0.09016927083333333
0 0.477294921875 0.4600694444444444 0.0296478271484375 0.0636935763888889
0 0.302734375 0.5551215277777778 0.046722412109375 0.08946397569444445
0 0.3505859375 0.3064236111111111 0.018585205078125 0.07942708333333333
0 0.3154296875 0.6384548611111112 0.03753662109375 0.11165364583333333
0 0.6240234375 0.4618055555555556 0.038970947265625 0.16861979166666666
0 0.6875 0.9114583333333334 0.06109619140625 0.1713324652777778
0 0.80322265625 0.7005208333333334 0.04913330078125 0.10145399305555555
0 0.300537109375 0.7582465277777778 0.06243896484375 0.07085503472222222
0 0.4775390625 0.4991319444444444 0.0264129638671875 0.057074652777777776
0 0.54296875 0.5451388888888888 0.0526123046875 0.06526692708333333
0 0.50537109375 0.4769965277777778 0.043701171875 0.07139756944444445
0 0.57470703125 0.4095052083333333 0.07989501953125 0.10487196180555555