0 0.30712890625 0.7105034722222222 0.06536865234375 0.0627170138888889
0 0.28662109375 0.8120659722222222 0.03582763671875 0.07020399305555555
0 0.31796875 0.9604166666666667 0.075 0.07916666666666666
0 0.966015625 0.9090277777777778 0.06796875 0.16527777777777777
0 0.311767578125 0.8528645833333334 0.0836181640625 0.1083984375
0 0.57890625 0.9673611111111111 0.0625 0.06527777777777778
0 0.88623046875 0.6640625 0.0994873046875 0.23328993055555555
0 0.406982421875 0.4800347222222222 0.044342041015625 0.1179470486111111
0 0.7490234375 0.4242621527777778 0.08331298828125 0.1567925347222222
0 0.3818359375 0.3973524305555556 0.039947509765625 0.07221137152777778
0 0.2900390625 0.6697048611111112 0.042633056640625 0.0925021701388889
0 0.356689453125 0.7165798611111112 0.04302978515625 0.13704427083333334
0 0.8232421875 0.8702256944444444 0.13427734375 0.1618923611111111
0 0.483154296875 0.5516493055555556 0.048583984375 0.060980902777777776
0 0.283203125 0.4743923611111111 0.045867919921875 0.09760199652777778
0 0.51171875 0.7287326388888888 0.075439453125 0.07666015625
0 0.85693359375 0.4969618055555556 0.1661376953125 0.2671440972222222
0 0.47705078125 0.47265625 0.03125 0.0818142361111111
0 0.458251953125 0.7174479166666666 0.03607177734375 0.1596137152777778
0 0.62353515625 0.4587673611111111 0.0384521484375 0.1867404513888889
0 0.436767578125 0.5611979166666666 0.058990478515625 0.060601128472222224
0 0.448974609375 0.4027777777777778 0.04327392578125 0.0627170138888889
0 0.27294921875 0.5568576388888888 0.0251312255859375 0.10877821180555555
0 0.30078125 0.7560763888888888 0.061767578125 0.0763888888888889
0 0.2880859375 0.6223958333333334 0.037811279296875 0.09033203125
0 0.5693359375 0.40234375 0.07781982421875 0.12120225694444445
0 0.303955078125 0.5594618055555556 0.04400634765625 0.0866970486111111
0 0.58203125 0.6171875 0.05059814453125 0.07329644097222222
0 0.6884765625 0.9157986111111112 0.0631103515625 0.1648220486111111
0 0.401123046875 0.6328125 0.081787109375 0.10780164930555555
0 0.80615234375 0.7135416666666666 0.0604248046875 0.11490885416666667
0 0.623046875 0.76171875 0.09967041015625 0.1277126736111111
0 0.311279296875 0.6328125 0.0391845703125 0.12141927083333333
0 0.365966796875 0.53125 0.029144287109375 0.10563151041666667
0 0.50439453125 0.4752604166666667 0.04351806640625 0.07221137152777778
0 0.322021484375 0.4092881944444444 0.05023193359375 0.06673177083333333
0 0.53759765625 0.5755208333333334 0.049041748046875 0.1252170138888889
0 0.35009765625 0.3057725694444444 0.018829345703125 0.08002387152777778
0 0.50146484375 0.6124131944444444 0.030914306640625 0.1353081597222222
0 0.34423828125 0.6019965277777778 0.05780029296875 0.10259331597222222