0 0.306396484375 0.7122395833333334 0.06610107421875 0.059027777777777776
0 0.9659423828125 0.9114583333333334 0.068115234375 0.16102430555555555
0 0.580078125 0.9670138888888888 0.06256103515625 0.06559244791666667
0 0.286865234375 0.8103298611111112 0.035614013671875 0.06461588541666667
0 0.82275390625 0.8689236111111112 0.1287841796875 0.1644965277777778
0 0.320068359375 0.9648573133680556 0.0836181640625 0.0702853732638889
0 0.88720703125 0.6636284722222222 0.0987548828125 0.228515625
0 0.407958984375 0.4813368055555556 0.042877197265625 0.11751302083333333
0 0.291259765625 0.6640625 0.045196533203125 0.09705946180555555
0 0.350830078125 0.7408854166666666 0.051666259765625 0.15104166666666666
0 0.316650390625 0.8884548611111112 0.080810546875 0.12955729166666666
0 0.28369140625 0.4735243055555556 0.04638671875 0.1003689236111111
0 0.382080078125 0.3971354166666667 0.037689208984375 0.08002387152777778
0 0.75048828125 0.4262152777777778 0.089111328125 0.15071614583333334
0 0.271728515625 0.5620659722222222 0.0252685546875 0.11924913194444445
0 0.806640625 0.7135416666666666 0.05499267578125 0.11903211805555555
0 0.484130859375 0.5512152777777778 0.052520751953125 0.06130642361111111
0 0.45068359375 0.6974826388888888 0.0311431884765625 0.1459418402777778
0 0.399658203125 0.6384548611111112 0.0709228515625 0.1274956597222222
0 0.318359375 0.6410590277777778 0.03533935546875 0.11078559027777778
0 0.4501953125 0.4032118055555556 0.0455322265625 0.06776258680555555
0 0.345458984375 0.6019965277777778 0.061981201171875 0.09998914930555555
0 0.31103515625 0.5082465277777778 0.035675048828125 0.0908203125
0 0.435791015625 0.5646701388888888 0.05126953125 0.0671115451388889
0 0.62255859375 0.7565104166666666 0.0966796875 0.1254340277777778
0 0.50537109375 0.4796006944444444 0.046295166015625 0.0773654513888889
0 0.304443359375 0.5525173611111112 0.047149658203125 0.0930447048611111
0 0.4521484375 0.3428819444444444 0.053314208984375 0.0783962673611111
0 0.322265625 0.4157986111111111 0.049591064453125 0.0891384548611111
0 0.301513671875 0.7556423611111112 0.06451416015625 0.07454427083333333
0 0.689453125 0.9131944444444444 0.0635986328125 0.1689453125
0 0.5791015625 0.6241319444444444 0.05340576171875 0.0740017361111111
0 0.5234375 0.7365451388888888 0.093994140625 0.09288194444444445
0 0.61962890625 0.4735243055555556 0.036773681640625 0.1596137152777778
0 0.35009765625 0.3094618055555556 0.0191650390625 0.08338758680555555
0 0.85546875 0.5026041666666666 0.1656494140625 0.2738715277777778
0 0.3798828125 0.3042534722222222 0.041778564453125 0.08018663194444445
0 0.505859375 0.6063368055555556 0.06756591796875 0.1252170138888889
0 0.64892578125 0.5902777777777778 0.10650634765625 0.125
0 0.484130859375 0.4090711805555556 0.038238525390625 0.06342230902777778