0 0.306640625 0.7109375 0.06793212890625 0.06076388888888889
0 0.286865234375 0.8107638888888888 0.035888671875 0.06526692708333333
0 0.57890625 0.9666666666666667 0.0609375 0.06666666666666667
0 0.965625 0.9090277777777778 0.06875 0.1625
0 0.88623046875 0.6662326388888888 0.0994873046875 0.2250434027777778
0 0.82080078125 0.87109375 0.1248779296875 0.16015625
0 0.31875 0.9645833333333333 0.08125 0.07083333333333333
0 0.28515625 0.4743923611111111 0.04376220703125 0.10015190972222222
0 0.35107421875 0.7395833333333334 0.050048828125 0.15321180555555555
0 0.4775390625 0.4991319444444444 0.0272674560546875 0.058919270833333336
0 0.4072265625 0.4796006944444444 0.042816162109375 0.11512586805555555
0 0.290771484375 0.6736111111111112 0.043701171875 0.08138020833333333
0 0.38232421875 0.396484375 0.039276123046875 0.0823025173611111
0 0.74951171875 0.4283854166666667 0.0849609375 0.1488715277777778
0 0.318359375 0.8884548611111112 0.07781982421875 0.13053385416666666
0 0.272705078125 0.5616319444444444 0.024658203125 0.1179470486111111
0 0.48193359375 0.5525173611111112 0.047332763671875 0.0661349826388889
0 0.51171875 0.7265625 0.07354736328125 0.07286241319444445
0 0.28759765625 0.6197916666666666 0.03875732421875 0.09510633680555555
0 0.449951171875 0.4034288194444444 0.04376220703125 0.06537543402777778
0 0.30419921875 0.5529513888888888 0.04840087890625 0.0920138888888889
0 0.450439453125 0.6961805555555556 0.0309600830078125 0.1410590277777778
0 0.43408203125 0.5681423611111112 0.053009033203125 0.07568359375
0 0.32177734375 0.41015625 0.0517578125 0.09288194444444445
0 0.344970703125 0.6019965277777778 0.061767578125 0.10091145833333333
0 0.8544921875 0.5013020833333334 0.1650390625 0.2708333333333333
0 0.497314453125 0.6059027777777778 0.0416259765625 0.1418185763888889
0 0.3505859375 0.3068576388888889 0.017852783203125 0.07796223958333333
0 0.399658203125 0.6384548611111112 0.07183837890625 0.12098524305555555
0 0.315673828125 0.6397569444444444 0.037750244140625 0.109375
0 0.5078125 0.4717881944444444 0.046112060546875 0.07855902777777778
0 0.3115234375 0.50390625 0.035675048828125 0.08930121527777778
0 0.6884765625 0.9123263888888888 0.061431884765625 0.1694878472222222
0 0.301025390625 0.7578125 0.06304931640625 0.0712890625
0 0.286865234375 0.2884114583333333 0.0303802490234375 0.059624565972222224
0 0.80517578125 0.703125 0.0509033203125 0.1027560763888889
0 0.546875 0.5785590277777778 0.052520751953125 0.14811197916666666
0 0.483642578125 0.4090711805555556 0.036834716796875 0.06439887152777778
0 0.62255859375 0.7582465277777778 0.09417724609375 0.1300998263888889
0 0.58154296875 0.6206597222222222 0.0489501953125 0.0773654513888889
0 0.381103515625 0.3092447916666667 0.040771484375 0.0807834201388889