0 0.57890625 0.9666666666666667 0.0609375 0.06666666666666667
0 0.286865234375 0.8107638888888888 0.035736083984375 0.06586371527777778
0 0.306640625 0.7105034722222222 0.06805419921875 0.059244791666666664
0 0.965234375 0.9090277777777778 0.06953125 0.16527777777777777
0 0.88623046875 0.6684027777777778 0.09967041015625 0.22157118055555555
0 0.8134765625 0.8689236111111112 0.1131591796875 0.1662326388888889
0 0.350830078125 0.7400173611111112 0.049041748046875 0.1528862847222222
0 0.317138671875 0.8888888888888888 0.07861328125 0.1312934027777778
0 0.51171875 0.7265625 0.07354736328125 0.07275390625
0 0.481689453125 0.5516493055555556 0.04620361328125 0.06646050347222222
0 0.4072265625 0.4791666666666667 0.042724609375 0.11512586805555555
0 0.28564453125 0.4735243055555556 0.042633056640625 0.099609375
0 0.31796875 0.9638888888888889 0.0796875 0.07222222222222222
0 0.382080078125 0.3971354166666667 0.0394287109375 0.08062065972222222
0 0.748046875 0.4286024305555556 0.08447265625 0.1499565972222222
0 0.272705078125 0.5625 0.0238189697265625 0.11773003472222222
0 0.4775390625 0.4969618055555556 0.026763916015625 0.06027560763888889
0 0.286865234375 0.6184895833333334 0.037750244140625 0.09722222222222222
0 0.310791015625 0.5047743055555556 0.03607177734375 0.08018663194444445
0 0.8544921875 0.4982638888888889 0.162353515625 0.2662760416666667
0 0.34423828125 0.6024305555555556 0.061187744140625 0.10313585069444445
0 0.4501953125 0.4032118055555556 0.042633056640625 0.06353081597222222
0 0.451904296875 0.6970486111111112 0.0341796875 0.1472439236111111
0 0.290283203125 0.6779513888888888 0.042724609375 0.0710177951388889
0 0.31494140625 0.6354166666666666 0.03955078125 0.11263020833333333
0 0.3505859375 0.306640625 0.0182342529296875 0.08018663194444445
0 0.321533203125 0.4134114583333333 0.05194091796875 0.09440104166666667
0 0.5830078125 0.6167534722222222 0.048309326171875 0.078125
0 0.4013671875 0.6371527777777778 0.0706787109375 0.12456597222222222
0 0.49658203125 0.6106770833333334 0.042724609375 0.1284722222222222
0 0.3037109375 0.5533854166666666 0.047698974609375 0.08653428819444445
0 0.50439453125 0.4739583333333333 0.046722412109375 0.06993272569444445
0 0.68798828125 0.9123263888888888 0.06243896484375 0.17100694444444445
0 0.52587890625 0.5299479166666666 0.052337646484375 0.08799913194444445
0 0.435302734375 0.5677083333333334 0.052337646484375 0.07682291666666667
0 0.30126953125 0.7578125 0.0631103515625 0.0705837673611111
0 0.483642578125 0.4071180555555556 0.03802490234375 0.0666232638888889
0 0.80419921875 0.7022569444444444 0.050323486328125 0.1012912326388889
0 0.62158203125 0.4605034722222222 0.036773681640625 0.1584201388888889