0 0.306640625 0.7109375 0.06781005859375 0.060601128472222224
0 0.5796875 0.9666666666666667 0.0625 0.06666666666666667
0 0.287109375 0.8107638888888888 0.0360107421875 0.06559244791666667
0 0.965625 0.9090277777777778 0.06875 0.1625
0 0.8857421875 0.6671006944444444 0.09930419921875 0.2230902777777778
0 0.82080078125 0.87109375 0.1251220703125 0.16048177083333334
0 0.31875 0.9645833333333333 0.08125 0.07083333333333333
0 0.350830078125 0.7395833333333334 0.050048828125 0.15321180555555555
0 0.4775390625 0.4991319444444444 0.0272216796875 0.059136284722222224
0 0.28515625 0.4743923611111111 0.04376220703125 0.10015190972222222
0 0.4072265625 0.4800347222222222 0.042816162109375 0.11534288194444445
0 0.290771484375 0.6731770833333334 0.043609619140625 0.08170572916666667
0 0.38232421875 0.3969184027777778 0.0391845703125 0.08246527777777778
0 0.272705078125 0.5616319444444444 0.0247039794921875 0.1179470486111111
0 0.318359375 0.8884548611111112 0.07781982421875 0.13075086805555555
0 0.481689453125 0.5520833333333334 0.04681396484375 0.06526692708333333
0 0.74951171875 0.427734375 0.08599853515625 0.14908854166666666
0 0.51171875 0.7265625 0.07354736328125 0.0730251736111111
0 0.28759765625 0.6197916666666666 0.0386962890625 0.09510633680555555
0 0.449951171875 0.404296875 0.04400634765625 0.06526692708333333
0 0.304443359375 0.5529513888888888 0.04840087890625 0.09217664930555555
0 0.8544921875 0.5008680555555556 0.1650390625 0.2697482638888889
0 0.450439453125 0.6961805555555556 0.0310211181640625 0.1410590277777778
0 0.344970703125 0.6019965277777778 0.061767578125 0.10107421875
0 0.32177734375 0.41015625 0.051849365234375 0.0930447048611111
0 0.497314453125 0.60546875 0.0413818359375 0.14290364583333334
0 0.43408203125 0.5677083333333334 0.05340576171875 0.0759548611111111
0 0.3505859375 0.3068576388888889 0.017913818359375 0.07796223958333333
0 0.399658203125 0.6384548611111112 0.07171630859375 0.12098524305555555
0 0.315673828125 0.6397569444444444 0.037689208984375 0.10921223958333333
0 0.3115234375 0.50390625 0.035675048828125 0.08930121527777778
0 0.5078125 0.4709201388888889 0.04620361328125 0.07823350694444445
0 0.30078125 0.7578125 0.06280517578125 0.07139756944444445
0 0.6884765625 0.9123263888888888 0.061431884765625 0.1694878472222222
0 0.54736328125 0.578125 0.05340576171875 0.1499565972222222
0 0.286865234375 0.2884114583333333 0.0303802490234375 0.059624565972222224
0 0.6220703125 0.7599826388888888 0.0948486328125 0.13270399305555555
0 0.483642578125 0.4090711805555556 0.036773681640625 0.06477864583333333
0 0.8046875 0.7044270833333334 0.050994873046875 0.10487196180555555
0 0.58203125 0.6206597222222222 0.0489501953125 0.07752821180555555
0 0.381103515625 0.3092447916666667 0.040771484375 0.0807834201388889