0 0.579296875 0.9666666666666667 0.06171875 0.06666666666666667
0 0.965625 0.9111111111111111 0.06875 0.16111111111111112
0 0.306640625 0.7105034722222222 0.06634521484375 0.06076388888888889
0 0.286865234375 0.8103298611111112 0.03607177734375 0.06586371527777778
0 0.356201171875 0.7413194444444444 0.038116455078125 0.1449652777777778
0 0.81982421875 0.8689236111111112 0.1287841796875 0.1633029513888889
0 0.88671875 0.66015625 0.0982666015625 0.236328125
0 0.282958984375 0.4752604166666667 0.046478271484375 0.10167100694444445
0 0.4775390625 0.4978298611111111 0.02752685546875 0.0627170138888889
0 0.292724609375 0.6614583333333334 0.0469970703125 0.0974392361111111
0 0.3203125 0.9645833333333333 0.084375 0.07083333333333333
0 0.272705078125 0.5590277777777778 0.0268096923828125 0.10877821180555555
0 0.75 0.4268663194444444 0.08758544921875 0.14811197916666666
0 0.31640625 0.8880208333333334 0.07904052734375 0.12630208333333334
0 0.406982421875 0.4796006944444444 0.04345703125 0.11577690972222222
0 0.51171875 0.7287326388888888 0.07305908203125 0.0803493923611111
0 0.38134765625 0.3932291666666667 0.0386962890625 0.07579210069444445
0 0.80615234375 0.7139756944444444 0.053802490234375 0.12098524305555555
0 0.4833984375 0.5503472222222222 0.050994873046875 0.0632052951388889
0 0.61767578125 0.4574652777777778 0.035888671875 0.1750217013888889
0 0.45068359375 0.6961805555555556 0.030914306640625 0.1372612847222222
0 0.401611328125 0.6388888888888888 0.0635986328125 0.12727864583333334
0 0.3486328125 0.6037326388888888 0.070068359375 0.09510633680555555
0 0.6875 0.9123263888888888 0.06109619140625 0.1716579861111111
0 0.44970703125 0.4019097222222222 0.043609619140625 0.06537543402777778
0 0.47900390625 0.4622395833333333 0.03289794921875 0.06852213541666667
0 0.50634765625 0.4761284722222222 0.04302978515625 0.0700954861111111
0 0.4951171875 0.60546875 0.05072021484375 0.13953993055555555
0 0.6220703125 0.7621527777777778 0.09844970703125 0.13270399305555555
0 0.436279296875 0.5629340277777778 0.054595947265625 0.062337239583333336
0 0.320556640625 0.6388888888888888 0.03643798828125 0.11241319444444445
0 0.303955078125 0.5481770833333334 0.04443359375 0.09760199652777778
0 0.311767578125 0.5047743055555556 0.0352783203125 0.0935329861111111
0 0.321044921875 0.4157986111111111 0.052825927734375 0.083984375
0 0.301513671875 0.75390625 0.06488037109375 0.08018663194444445
0 0.34912109375 0.310546875 0.0232391357421875 0.0710177951388889
0 0.483642578125 0.4086371527777778 0.037384033203125 0.061197916666666664
0 0.452880859375 0.3428819444444444 0.052825927734375 0.07709418402777778
0 0.286376953125 0.6150173611111112 0.04010009765625 0.09977213541666667
0 0.286376953125 0.2903645833333333 0.0297088623046875 0.0627170138888889