0 0.4775390625 0.4926215277777778 0.027435302734375 0.0695529513888889
0 0.966015625 0.9104166666666667 0.06796875 0.1625
0 0.58056640625 0.9678819444444444 0.06268310546875 0.06412760416666667
0 0.286865234375 0.8103298611111112 0.03607177734375 0.06575520833333333
0 0.81982421875 0.8684895833333334 0.12890625 0.1648220486111111
0 0.88720703125 0.6631944444444444 0.09912109375 0.232421875
0 0.356689453125 0.7413194444444444 0.0369873046875 0.1440972222222222
0 0.307373046875 0.7122395833333334 0.06646728515625 0.058919270833333336
0 0.38232421875 0.3962673611111111 0.040618896484375 0.0703125
0 0.316650390625 0.88671875 0.0809326171875 0.1252170138888889
0 0.3203125 0.9645833333333333 0.0859375 0.07083333333333333
0 0.407470703125 0.4796006944444444 0.043365478515625 0.11534288194444445
0 0.5146484375 0.7256944444444444 0.07763671875 0.0763888888888889
0 0.482666015625 0.55078125 0.05126953125 0.06429036458333333
0 0.272216796875 0.5607638888888888 0.0271759033203125 0.1044921875
0 0.281982421875 0.4791666666666667 0.044677734375 0.10199652777777778
0 0.40380859375 0.6358506944444444 0.053192138671875 0.13151041666666666
0 0.75048828125 0.4264322916666667 0.083740234375 0.14778645833333334
0 0.28564453125 0.6137152777777778 0.04193115234375 0.10237630208333333
0 0.30517578125 0.5555555555555556 0.03753662109375 0.08897569444444445
0 0.293212890625 0.6671006944444444 0.047332763671875 0.08751085069444445
0 0.435791015625 0.5633680555555556 0.05499267578125 0.0625
0 0.2998046875 0.7556423611111112 0.059417724609375 0.07438151041666667
0 0.4501953125 0.40234375 0.043853759765625 0.06380208333333333
0 0.494384765625 0.6032986111111112 0.05126953125 0.1440972222222222
0 0.6943359375 0.9166666666666666 0.07421875 0.1630859375
0 0.450439453125 0.6892361111111112 0.0330810546875 0.1162109375
0 0.61572265625 0.4505208333333333 0.036712646484375 0.1896701388888889
0 0.50830078125 0.4700520833333333 0.04803466796875 0.07709418402777778
0 0.321533203125 0.4144965277777778 0.051849365234375 0.0803493923611111
0 0.34814453125 0.3103298611111111 0.021942138671875 0.06559244791666667
0 0.31689453125 0.5091145833333334 0.034759521484375 0.10237630208333333
0 0.6220703125 0.7547743055555556 0.09771728515625 0.1416015625
0 0.65966796875 0.5924479166666666 0.1175537109375 0.13292100694444445
0 0.286865234375 0.2899305555555556 0.0310821533203125 0.06342230902777778
0 0.35009765625 0.6046006944444444 0.07147216796875 0.0891384548611111
0 0.48388671875 0.4084201388888889 0.038330078125 0.060384114583333336
0 0.8037109375 0.7131076388888888 0.0509033203125 0.1162109375