0 0.9660781249999999 0.9114583333333334 0.06784375000000012 0.16156944444444435
0 0.5805703125 0.9670138888888888 0.06335156249999993 0.06548611111111123
0 0.2868671875 0.8103333333333335 0.036070312499999965 0.06574999999999989
0 0.8872109375000001 0.6636249999999999 0.09912500000000009 0.23155555555555551
0 0.8198281250000001 0.8684861111111111 0.12853906250000008 0.16481944444444455
0 0.3566875 0.7413194444444444 0.03689843750000001 0.1440972222222222
0 0.307375 0.7122361111111111 0.06646875000000003 0.05880555555555552
0 0.3205546875 0.964625 0.08557031249999998 0.07075000000000008
0 0.382328125 0.3962638888888889 0.040617187500000006 0.07047222222222224
0 0.31640625 0.8867222222222223 0.08092968750000003 0.1254305555555555
0 0.7509765625 0.4268611111111111 0.0849609375 0.1507222222222222
0 0.40746874999999994 0.47959722222222223 0.043367187499999994 0.11512499999999998
0 0.5146484375 0.7256944444444444 0.07764062500000009 0.0763888888888889
0 0.27221875 0.5603333333333333 0.02711718750000003 0.10470833333333332
0 0.48266406249999994 0.5507777777777778 0.05127343750000009 0.06429166666666662
0 0.281984375 0.47830555555555554 0.044859374999999965 0.10091666666666663
0 0.4038125 0.6358472222222222 0.05319531249999998 0.13151388888888882
0 0.2856484375 0.6137222222222222 0.041929687499999965 0.10259722222222223
0 0.3051796875 0.5555555555555556 0.03747656250000002 0.08913888888888898
0 0.2932109375 0.6670972222222222 0.04733593750000002 0.08768055555555555
0 0.2998046875 0.7556388888888889 0.05941406249999996 0.07437499999999994
0 0.4360390625 0.563375 0.05499218750000008 0.0625
0 0.45043749999999994 0.40234722222222224 0.0439453125 0.06401388888888894
0 0.6938515625 0.9166666666666666 0.07385156249999998 0.16276388888888896
0 0.49438281249999994 0.6033055555555555 0.051179687499999994 0.14387500000000003
0 0.45043749999999994 0.6892361111111112 0.03307812499999994 0.11620833333333336
0 0.6157265625 0.45052777777777775 0.03677343749999995 0.18999999999999997
0 0.5078125 0.47005555555555556 0.04812499999999993 0.07726388888888888
0 0.32153125 0.4145 0.051851562500000004 0.08002777777777778
0 0.3481484375 0.31033333333333335 0.021914062499999963 0.06548611111111108
0 0.3168984375 0.5091111111111111 0.03460937499999996 0.10220833333333337
0 0.659671875 0.5924444444444444 0.11736718750000001 0.13291666666666674
0 0.2868671875 0.28970833333333335 0.031085937499999973 0.06331944444444441
0 0.8037109375 0.7126805555555555 0.05090624999999997 0.11534722222222216
0 0.3501015625 0.6045972222222222 0.07159374999999998 0.08913888888888882
0 0.319828125 0.6375833333333334 0.042085937500000004 0.12294444444444443
0 0.483890625 0.40776388888888887 0.03817968749999991 0.06130555555555554
0 0.4786171875 0.4914027777777778 0.02971093749999998 0.06700000000000002
0 0.47729687500000006 0.492625 0.027437499999999913 0.06993055555555559
0 0.6220703125 0.7552083333333334 0.09741406250000004 0.14204166666666665