0 0.4775390625 0.4943576388888889 0.027587890625 0.06797960069444445
0 0.57958984375 0.9669189453125 0.062103271484375 0.066162109375
0 0.965850830078125 0.9114583333333334 0.06829833984375 0.16048177083333334
0 0.286865234375 0.8103298611111112 0.03607177734375 0.06510416666666667
0 0.30712890625 0.7113715277777778 0.06732177734375 0.06076388888888889
0 0.8193359375 0.8693576388888888 0.1280517578125 0.1633029513888889
0 0.88720703125 0.66015625 0.09857177734375 0.23719618055555555
0 0.356689453125 0.7408854166666666 0.037261962890625 0.1459418402777778
0 0.3212890625 0.9646538628472222 0.0855712890625 0.07069227430555555
0 0.75 0.4268663194444444 0.0869140625 0.1496310763888889
0 0.31884765625 0.8880208333333334 0.0755615234375 0.1254340277777778
0 0.406982421875 0.4800347222222222 0.043701171875 0.11773003472222222
0 0.381591796875 0.3940972222222222 0.03912353515625 0.07286241319444445
0 0.281982421875 0.48046875 0.044677734375 0.1012912326388889
0 0.5107421875 0.7261284722222222 0.071044921875 0.0759548611111111
0 0.2724609375 0.5594618055555556 0.026458740234375 0.10899522569444445
0 0.8056640625 0.7135416666666666 0.0535888671875 0.12163628472222222
0 0.4833984375 0.5503472222222222 0.0504150390625 0.06260850694444445
0 0.29345703125 0.66796875 0.048583984375 0.08338758680555555
0 0.403076171875 0.6371527777777778 0.060302734375 0.12955729166666666
0 0.3046875 0.5494791666666666 0.042388916015625 0.09288194444444445
0 0.286865234375 0.6141493055555556 0.043701171875 0.1042751736111111
0 0.450439453125 0.6927083333333334 0.0316162109375 0.1293402777777778
0 0.449951171875 0.4019097222222222 0.0439453125 0.06499565972222222
0 0.49609375 0.6041666666666666 0.04949951171875 0.13975694444444445
0 0.321044921875 0.4151475694444444 0.052337646484375 0.0827365451388889
0 0.435791015625 0.5642361111111112 0.05780029296875 0.06439887152777778
0 0.50634765625 0.4774305555555556 0.04248046875 0.06993272569444445
0 0.3017578125 0.7534722222222222 0.06500244140625 0.07975260416666667
0 0.68994140625 0.9123263888888888 0.06536865234375 0.1716579861111111
0 0.5458984375 0.5347222222222222 0.0306243896484375 0.06477864583333333
0 0.347900390625 0.6059027777777778 0.070068359375 0.0925021701388889
0 0.61767578125 0.4544270833333333 0.036224365234375 0.17740885416666666
0 0.3486328125 0.3101128472222222 0.02276611328125 0.07020399305555555
0 0.319580078125 0.6401909722222222 0.03790283203125 0.11371527777777778
0 0.483642578125 0.4090711805555556 0.037811279296875 0.060384114583333336
0 0.286376953125 0.2897135416666667 0.0302734375 0.0625
0 0.3125 0.5069444444444444 0.035675048828125 0.0949435763888889
0 0.64990234375 0.5872395833333334 0.11181640625 0.12586805555555555
0 0.452880859375 0.3426649305555556 0.053802490234375 0.07579210069444445